[LEFT_CAM_2K]
fx=1905.71
fy=1906.52
cx=1142.87
cy=644.566
k1=-0.0692261
k2=-0.0240898
p1=0.000383435
p2=-0.000152962
k3=-0.0505294

[RIGHT_CAM_2K]
fx=1906.73
fy=1908.5
cx=1089.05
cy=623.411
k1=-0.0718973
k2=-0.00430667
p1=4.50136e-05
p2=-0.000773344
k3=-0.0829715

[LEFT_CAM_FHD]
fx=1905.71
fy=1906.52
cx=998.87
cy=563.566
k1=-0.0692261
k2=-0.0240898
p1=0.000383435
p2=-0.000152962
k3=-0.0505294

[RIGHT_CAM_FHD]
fx=1906.73
fy=1908.5
cx=945.05
cy=542.411
k1=-0.0718973
k2=-0.00430667
p1=4.50136e-05
p2=-0.000773344
k3=-0.0829715

[LEFT_CAM_HD]
fx=952.855
fy=953.26
cx=657.935
cy=370.283
k1=-0.0692261
k2=-0.0240898
p1=0.000383435
p2=-0.000152962
k3=-0.0505294

[RIGHT_CAM_HD]
fx=953.365
fy=954.25
cx=631.025
cy=359.7055
k1=-0.0718973
k2=-0.00430667
p1=4.50136e-05
p2=-0.000773344
k3=-0.0829715

[LEFT_CAM_VGA]
fx=476.4275
fy=476.63
cx=344.4675
cy=192.6415
k1=-0.0692261
k2=-0.0240898
p1=0.000383435
p2=-0.000152962
k3=-0.0505294

[RIGHT_CAM_VGA]
fx=476.6825
fy=477.125
cx=331.0125
cy=187.35275
k1=-0.0718973
k2=-0.00430667
p1=4.50136e-05
p2=-0.000773344
k3=-0.0829715

[LEFT_DISTO]
k1=-1.43637
k2=21.6198
k3=-7.32704
k4=-1.33381
k5=21.3078
k6=-5.18817
p1=0.000390009
p2=-0.000103893

[RIGHT_DISTO]
k1=1.68496
k2=18.2222
k3=-7.02458
k4=1.78953
k5=18.119
k6=-5.01642
p1=5.79032e-05
p2=-0.000768865

[STEREO]
Baseline=120.264
TY=-0.180344
TZ=0.653227
CV_2K=0.00608603
CV_FHD=0.00608603
CV_HD=0.00608603
CV_VGA=0.00608603
RX_2K=0.0036778
RX_FHD=0.0036778
RX_HD=0.0036778
RX_VGA=0.0036778
RZ_2K=0.000945298
RZ_FHD=0.000945298
RZ_HD=0.000945298
RZ_VGA=0.000945298

[MISC]
Sensor_ID=0


